0:
  SLO: 0.5
  e2e_time: 1.0021343808621168
  function_name: fibonacci
  id: 0
  params:
    n: 10
  real_time: 0.00011963676661252975
0:
  SLO: 0.5
  e2e_time: 1.0020184349268675
  function_name: fibonacci
  id: 0
  params:
    n: 10
  real_time: 9.87853854894638e-05
